$ANSIBLE_VAULT;1.2;AES256;pass
30323936323436363065613630373265316130393435383739333763623131613233353035656534
6538336265656362303335366331383431333366326364310a373664356536653662373364326264
32313865343738383464386330336532373231643863386434653136376563303037313466316237
3137383837386636330a323337616339323135646564386537353763323434383733353963346436
37663663313933616564373866336665356439633130626661333239373434373035616232643331
37636466326235386439303130613761343165306331326331653162623135643834633463633763
39366339343231383962353462366666643938313235336664376232656532353230623536623234
39393335383361376561333732616534643930663062376332646264656139633563383664373832
62343436363065323066373736626531643130383334663363656263643365653464353164363133
39626630313339653137306236353532323130363031343963353837376536353665323935663630
66633034393036376563653361333066613938653461373135353061646662333435633963356566
65653836613664393034616635356662333632376461303362313435383238613962653337646435
35306439356466316665656336616462666438306335623838353262383230336265393235393262
62316265303139333464333333336465616461393937616133353039646236343562646632363832
64656235303635613331343965323533633030613233613233336464383132393263356530663565
63343735313536313231363865646335386136343862346432626637663337613034396432363736
39396636323932396532316262323238373039333661366166623439313361396132613439346134
62636166636162333437636330356533313638646532393037626530333961376432353835376136
38373364353939313336366563323266646631366332656533393063646466303938366463313039
66303937356537613766
